0 15799
0.00465116 74.8823
0.00930233 393.731
0.0139535 195.78
0.0186047 336.679
0.0232558 75.3397
0.027907 259.327
0.0325581 160.306
0.0372093 361.131
0.0418605 737.682
0.0465116 7.33243
0.0511628 56.9509
0.055814 313.175
0.0604651 182.764
0.0651163 79.2464
0.0697674 46.4127
0.0744186 37.9837
0.0790698 200.64
0.0837209 259.143
0.0883721 55.3315
0.0930233 72.4178
0.0976744 64.9255
0.102326 92.4592
0.106977 155.131
0.111628 46.3957
0.116279 64.8874
0.12093 134.502
0.125581 72.9885
0.130233 54.5595
0.134884 80.9382
0.139535 11.7758
0.144186 25.2769
0.148837 3.17812
0.153488 30.5409
0.15814 25.6552
0.162791 0.919228
0.167442 79.533
0.172093 8.05589
0.176744 2.03481
0.181395 93.0678
0.186047 36.0937
0.190698 59.7327
0.195349 23.7829
0.2 23.9509
0.204651 1.65564
0.209302 121.004
0.213953 82.7068
0.218605 39.1451
0.223256 9.66136
0.227907 99.9388
0.232558 11.8833
0.237209 44.8145
0.24186 80.167
0.246512 34.514
0.251163 5.46229
0.255814 11.4992
0.260465 93.4088
0.265116 4.80577
0.269767 9.62452
0.274419 41.765
0.27907 4.40869
0.283721 28.4774
0.288372 0.849281
0.293023 11.5199
0.297674 31.3916
0.302326 39.8201
0.306977 44.8812
0.311628 46.5484
0.316279 74.2142
0.32093 57.4648
0.325581 5.84293
0.330233 8.31559
0.334884 2.66888
0.339535 47.4443
0.344186 2.99463
0.348837 13.3438
0.353488 22.3225
0.35814 6.27972
0.362791 43.2094
0.367442 3.36193
0.372093 56.7823
0.376744 32.0074
0.381395 18.2458
0.386047 46.8979
0.390698 40.2921
0.395349 1.50452
0.4 31.9508
0.404651 34.6183
0.409302 19.5593
0.413953 22.3369
0.418605 19.6924
0.423256 60.1952
0.427907 0.755731
0.432558 13.3347
0.437209 17.6531
0.44186 30.9147
0.446512 5.75117
0.451163 45.4599
0.455814 6.59951
0.460465 103.636
0.465116 39.9722
0.469767 28.8867
0.474419 6.48477
0.47907 49.8677
0.483721 39.1847
0.488372 49.7874
0.493023 69.5558
0.497674 34.4038
0.502326 34.4037
0.506977 69.5558
0.511628 49.7875
0.516279 39.1847
0.52093 49.8677
0.525581 6.48477
0.530233 28.8867
0.534884 39.9722
0.539535 103.636
0.544186 6.59953
0.548837 45.46
0.553488 5.75108
0.55814 30.9146
0.562791 17.6532
0.567442 13.3347
0.572093 0.755706
0.576744 60.1952
0.581395 19.6924
0.586047 22.3369
0.590698 19.5593
0.595349 34.6184
0.6 31.9509
0.604651 1.50456
0.609302 40.2921
0.613953 46.8979
0.618605 18.2459
0.623256 32.0074
0.627907 56.7823
0.632558 3.36195
0.637209 43.2094
0.64186 6.27973
0.646512 22.3226
0.651163 13.3437
0.655814 2.99454
0.660465 47.4443
0.665116 2.66899
0.669767 8.31557
0.674419 5.84288
0.67907 57.4649
0.683721 74.2141
0.688372 46.5483
0.693023 44.8812
0.697674 39.8201
0.702326 31.3916
0.706977 11.5199
0.711628 0.849282
0.716279 28.4774
0.72093 4.40872
0.725581 41.7651
0.730233 9.62448
0.734884 4.80576
0.739535 93.4089
0.744186 11.4992
0.748837 5.46236
0.753488 34.514
0.75814 80.1671
0.762791 44.8145
0.767442 11.8834
0.772093 99.9388
0.776744 9.66127
0.781395 39.1451
0.786047 82.7068
0.790698 121.004
0.795349 1.65577
0.8 23.9508
0.804651 23.783
0.809302 59.7328
0.813953 36.0937
0.818605 93.0678
0.823256 2.03486
0.827907 8.05599
0.832558 79.5331
0.837209 0.919125
0.84186 25.6552
0.846512 30.5407
0.851163 3.17817
0.855814 25.2771
0.860465 11.7757
0.865116 80.938
0.869767 54.5596
0.874419 72.9888
0.87907 134.502
0.883721 64.8875
0.888372 46.3954
0.893023 155.131
0.897674 92.459
0.902326 64.9253
0.906977 72.418
0.911628 55.3316
0.916279 259.143
0.92093 200.64
0.925581 37.9835
0.930233 46.413
0.934884 79.2467
0.939535 182.764
0.944186 313.175
0.948837 56.9512
0.953488 7.33266
0.95814 737.682
0.962791 361.131
0.967442 160.306
0.972093 259.327
0.976744 75.3402
0.981395 336.678
0.986047 195.782
0.990698 393.729
0.995349 74.8778
