7 82
7.04167 87
7.08333 81
7.125 81
7.16667 87
7.20833 76
7.25 81
7.29167 81
7.33333 67
7.375 62
7.41667 63
7.45833 72
7.5 72
7.54167 67
7.58333 59
7.625 72
7.66667 67
7.70833 72
7.75 67
7.79167 72
7.83333 82
7.875 72
7.91667 82
7.95833 82
8 82
8.04167 76
8.08333 82
8.125 76
8.16667 87
8.20833 81
8.25 76
8.29167 76
8.33333 77
8.375 82
8.41667 77
8.45833 72
8.5 63
8.54167 64
8.58333 52
8.625 43
8.66667 40
8.70833 43
8.75 52
8.79167 52
8.83333 63
8.875 72
8.91667 82
8.95833 88
9 77
9.04167 77
9.08333 82
9.125 71
9.16667 76
9.20833 76
9.25 87
9.29167 82
9.33333 82
9.375 72
9.41667 63
9.45833 64
9.5 60
9.54167 60
9.58333 60
9.625 52
9.66667 49
9.70833 60
9.75 56
9.79167 64
9.83333 68
9.875 88
9.91667 88
9.95833 94
10 82
10.0417 82
10.0833 72
10.125 72
10.1667 82
10.2083 76
10.25 76
10.2917 77
10.3333 63
10.375 60
10.4167 60
10.4583 68
10.5 64
10.5417 64
10.5833 56
10.625 60
10.6667 56
10.7083 57
10.75 53
10.7917 60
10.8333 72
10.875 72
10.9167 88
10.9583 94
11 82
11.0417 77
11.0833 82
11.125 72
11.1667 63
11.2083 72
11.25 77
11.2917 82
11.3333 68
11.375 52
11.4167 49
11.4583 64
11.5 49
11.5417 53
11.5833 49
11.625 53
11.6667 46
11.7083 43
11.75 46
11.7917 64
11.8333 68
11.875 68
11.9167 77
11.9583 82
12 88
12.0417 100
12.0833 100
12.125 94
12.1667 94
12.2083 94
12.25 94
12.2917 94
12.3333 94
12.375 88
12.4167 94
12.4583 88
12.5 77
12.5417 77
12.5833 68
12.625 64
12.6667 64
12.7083 68
12.75 68
12.7917 72
12.8333 82
12.875 88
12.9167 94
12.9583 88
13 88
13.0417 88
13.0833 94
13.125 94
13.1667 94
13.2083 100
13.25 100
13.2917 88
13.3333 94
13.375 82
13.4167 82
13.4583 77
13.5 77
13.5417 72
13.5833 72
13.625 68
13.6667 72
13.7083 72
13.75 68
13.7917 67
13.8333 67
13.875 82
13.9167 72
13.9583 88
14 88
14.0417 88
14.0833 88
14.125 88
14.1667 94
14.2083 94
14.25 94
14.2917 94
14.3333 88
14.375 88
14.4167 88
14.4583 82
14.5 77
14.5417 72
14.5833 67
14.625 72
14.6667 63
14.7083 68
14.75 52
14.7917 59
14.8333 63
14.875 67
14.9167 67
14.9583 72
15 77
15.0417 82
15.0833 87
15.125 82
15.1667 87
15.2083 87
15.25 87
15.2917 88
15.375 77
15.4167 72
15.4583 63
15.5 68
15.5417 59
15.5833 63
15.625 56
15.6667 46
15.7083 46
15.75 52
15.7917 49
15.8333 55
15.875 63
15.9167 67
15.9583 67
