0 inf
25000 1.99842e-05
50000 0.00040594
75000 0.000534592
100000 0.000598871
125000 0.000637476
150000 0.000663213
175000 0.000290824
200000 0.00132278
225000 0.00212542
250000 0.00276753
275000 0.00329289
300000 0.00373069
325000 0.00410108
350000 0.00441861
375000 0.0046938
400000 0.00493459
425000 0.00514706
450000 0.00533592
475000 0.00550489
500000 0.00565697
525000 0.00579457
550000 0.00591966
575000 0.00603387
600000 0.00613856
625000 0.00610399
650000 0.00476126
675000 0.00351799
700000 0.00236352
725000 0.00128867
750000 0.000285481
775000 0.000652989
800000 0.0015328
825000 0.0023593
850000 0.00313717
875000 0.0038706
900000 0.00456328
925000 0.00521852
950000 0.00583927
975000 0.00642819
1000000 0.00698766
1025000 0.00751984
1050000 0.00802668
1075000 0.00850994
1100000 0.00897124
1125000 0.00941204
1150000 0.00983367
1175000 0.0102374
1200000 0.0106242
1225000 0.0109953
1250000 0.0113515
1275000 0.0112888
1300000 0.010189
1325000 0.00913074
1350000 0.00811165
1375000 0.00712962
1400000 0.00618266
1425000 0.00526892
1450000 0.0043867
1475000 0.00353438
1500000 0.00271047
1525000 0.00191358
1550000 0.00114239
1575000 0.000395687
1600000 0.000327684
1625000 0.0010288
1650000 0.00170867
1675000 0.00236824
1700000 0.00300841
1725000 0.00363003
1750000 0.00423389
1775000 0.00482074
1800000 0.00539128
1825000 0.0059462
1850000 0.00648612
1875000 0.00701163
1900000 0.00752332
1925000 0.00802172
1950000 0.00850734
1975000 0.00898067
2000000 0.00944216
2025000 0.00989226
2050000 0.0103314
2075000 0.0107599
2100000 0.0111783
2125000 0.0115867
2150000 0.0119857
2175000 0.0123756
2200000 0.0127565
2225000 0.0131289
2250000 0.013493
2275000 0.0138492
2300000 0.0141975
2325000 0.0145384
2350000 0.0148721
2375000 0.0151987
2400000 0.0155185
2425000 0.0158317
2450000 0.0161385
2475000 0.0159236
2500000 0.0147293
2525000 0.0135585
2550000 0.0124108
2575000 0.0112853
2600000 0.0101814
2625000 0.00909862
2650000 0.00803623
2675000 0.00699371
2700000 0.00597048
2725000 0.00496604
2750000 0.00397985
2775000 0.00301144
2800000 0.00206032
2825000 0.00112603
2850000 0.000208131
2875000 0.000693802
2900000 0.00158019
2925000 0.00245142
2950000 0.00330788
2975000 0.00414995
3000000 0.00497799
3025000 0.00579234
3050000 0.00659333
3075000 0.00738131
3100000 0.00815657
3125000 0.00891944
3150000 0.00967019
3175000 0.0104091
3200000 0.0111365
3225000 0.0118526
3250000 0.0125577
3275000 0.013252
3300000 0.0139358
3325000 0.0146093
3350000 0.0152728
3375000 0.0159265
3400000 0.0165705
3425000 0.0172051
3450000 0.0178305
3475000 0.018447
3500000 0.0190546
3525000 0.0196536
3550000 0.0202442
3575000 0.0208265
3600000 0.0214007
3625000 0.021967
3650000 0.0225255
3675000 0.0230765
3700000 0.02362
3725000 0.0241562
3750000 0.0246852
3775000 0.0252073
3800000 0.0257225
3825000 0.0262309
3850000 0.0267327
3875000 0.0272281
3900000 0.0277171
3925000 0.0281999
3950000 0.0286766
3975000 0.0291473
4000000 0.029612
4025000 0.0300711
4050000 0.0305244
4075000 0.0309722
4100000 0.0314145
4125000 0.0318515
4150000 0.0322832
4175000 0.0327097
4200000 0.0331312
4225000 0.0335477
4250000 0.0339592
4275000 0.034366
4300000 0.034768
4325000 0.0351654
4350000 0.0355582
4375000 0.0359465
4400000 0.0363304
4425000 0.03671
4450000 0.0370853
4475000 0.0374564
4500000 0.0378234
4525000 0.0381863
4550000 0.0385453
4575000 0.0389003
4600000 0.0392515
4625000 0.0395988
4650000 0.0399425
4675000 0.0402824
4700000 0.0406188
4725000 0.0409515
4750000 0.0412808
4775000 0.0416066
4800000 0.0419291
4825000 0.0422482
4850000 0.042564
4875000 0.0428765
4900000 0.0431859
4925000 0.0434921
4950000 0.0437953
4975000 0.0440954
5000000 0.0443925
5025000 0.0446866
5050000 0.0449778
5075000 0.0452662
5100000 0.0455517
5125000 0.0458345
5150000 0.0461145
5175000 0.0463918
5200000 0.0466664
5225000 0.0469384
5250000 0.0472078
5275000 0.0467758
5300000 0.0456338
5325000 0.0445026
5350000 0.043382
5375000 0.0422718
5400000 0.0411718
5425000 0.040082
5450000 0.0390022
5475000 0.0379323
5500000 0.0368721
5525000 0.0358215
5550000 0.0347803
5575000 0.0337485
5600000 0.0327259
5625000 0.0317124
5650000 0.0307078
5675000 0.0297121
5700000 0.0287252
5725000 0.0277468
5750000 0.026777
5775000 0.0258156
5800000 0.0248624
5825000 0.0239175
5850000 0.0229806
5875000 0.0220517
5900000 0.0211306
5925000 0.0202174
5950000 0.0193118
5975000 0.0184137
6000000 0.0175232
6025000 0.0166401
6050000 0.0157642
6075000 0.0148956
6100000 0.0140341
6125000 0.0131796
6150000 0.012332
6175000 0.0114914
6200000 0.0106575
6225000 0.00983028
6250000 0.00900971
6275000 0.00819567
6300000 0.00738809
6325000 0.00658689
6350000 0.005792
6375000 0.00500335
6400000 0.00422086
6425000 0.00344446
6450000 0.00267408
6475000 0.00190964
6500000 0.00115109
6525000 0.000398347
6550000 0.000348649
6575000 0.00108996
6600000 0.00182566
6625000 0.00255581
6650000 0.00328046
6675000 0.00399969
6700000 0.00471355
6725000 0.00542211
6750000 0.00612541
6775000 0.00682352
6800000 0.00751651
6825000 0.00820441
6850000 0.00888729
6875000 0.00956521
6900000 0.0102382
6925000 0.0109064
6950000 0.0115697
6975000 0.0122283
7000000 0.0128822
7025000 0.0135314
7050000 0.014176
7075000 0.0148161
7100000 0.0154516
7125000 0.0160827
7150000 0.0167094
7175000 0.0173317
7200000 0.0179497
7225000 0.0185634
7250000 0.0191729
7275000 0.0197782
7300000 0.0203794
7325000 0.0209764
7350000 0.0215694
7375000 0.0221584
7400000 0.0227434
7425000 0.0233244
7450000 0.0239016
7475000 0.0244748
7500000 0.0250443
7525000 0.02561
7550000 0.0261719
7575000 0.0267301
7600000 0.0272847
7625000 0.0278356
7650000 0.0283829
7675000 0.0289267
7700000 0.0294669
7725000 0.0300036
7750000 0.0305369
7775000 0.0310667
7800000 0.0315932
7825000 0.0321162
7850000 0.032636
7875000 0.0331524
7900000 0.0336656
7925000 0.0341755
7950000 0.0346822
7975000 0.0351858
8000000 0.0356862
8025000 0.0361835
8050000 0.0366777
8075000 0.0371688
8100000 0.0376569
8125000 0.038142
8150000 0.0386241
8175000 0.0391033
8200000 0.0395796
8225000 0.0400529
8250000 0.0405234
8275000 0.040991
8300000 0.0414559
8325000 0.0419179
8350000 0.0423772
8375000 0.0428337
8400000 0.0432875
8425000 0.0437386
8450000 0.0441871
8475000 0.0446329
8500000 0.0450761
8525000 0.0455167
8550000 0.0459547
8575000 0.0463901
8600000 0.046823
8625000 0.0472534
8650000 0.0476814
8675000 0.0481068
8700000 0.0485298
8725000 0.0489504
8750000 0.0493686
8775000 0.0497844
8800000 0.0501978
8825000 0.0506089
8850000 0.0510177
8875000 0.0514242
8900000 0.0518284
8925000 0.0522303
8950000 0.05263
8975000 0.0530274
9000000 0.0534226
9025000 0.0538157
9050000 0.0542066
9075000 0.0545953
9100000 0.0549819
9125000 0.0553664
9150000 0.0557487
9175000 0.056129
9200000 0.0565073
9225000 0.0568834
9250000 0.0572576
9275000 0.0576297
9300000 0.0579998
9325000 0.0583679
9350000 0.0587341
9375000 0.0590983
9400000 0.0594606
9425000 0.059821
9450000 0.0601794
9475000 0.0605359
9500000 0.0608906
9525000 0.0612434
9550000 0.0615944
9575000 0.0619435
9600000 0.0622908
9625000 0.0626363
9650000 0.0629801
9675000 0.063322
9700000 0.0636622
9725000 0.0640006
9750000 0.0643373
9775000 0.0646723
9800000 0.0650056
9825000 0.0653372
9850000 0.0656671
9875000 0.0659953
9900000 0.0663218
9925000 0.0666468
9950000 0.06697
9975000 0.0672917
